
2026-01-12 19:33:52.885431051
Pose:
x: -0.002344
y: 0.004525
z: -0.001359
roll: -0.006427
pitch: 0.012984
yaw: 0.000662
Speed: 
x: -0.005906
y: 0.006516
z: -0.002006
roll: -0.021009
pitch: 0.002611
yaw: -0.012202

