
2026-01-12 19:44:17.066807270
Pose:
x: 1.131907
y: -0.011145
z: -0.470044
roll: 0.007619
pitch: 0.113726
yaw: 0.032798
Speed: 
x: 0.015415
y: 0.000165
z: -0.001946
roll: -0.019944
pitch: 0.000481
yaw: -0.012202

