
2026-01-12 19:40:43.600043774
Pose:
x: -0.001582
y: 0.092911
z: -0.000758
roll: -0.004885
pitch: 0.012027
yaw: 0.123349
Speed: 
x: -0.000367
y: 0.005312
z: 0.001443
roll: -0.018878
pitch: 0.002611
yaw: -0.010071

