
2026-01-12 19:37:35.460822821
Pose:
x: -0.018022
y: -0.026211
z: -0.001641
roll: -0.007113
pitch: 0.014022
yaw: 0.005959
Speed: 
x: -0.002511
y: 0.003855
z: 0.000333
roll: -0.021009
pitch: 0.000481
yaw: -0.011136

