
2026-01-12 19:35:39.591230869
Pose:
x: -0.018594
y: -0.012935
z: -0.001972
roll: -0.008478
pitch: 0.014337
yaw: 0.056722
Speed: 
x: 0.002159
y: -0.000075
z: -0.001914
roll: -0.016748
pitch: 0.002611
yaw: -0.012202

